degs = 1,1,1,1 
lambdas = [1.000000e-04, 1.584893e-03, 2.511886e-03, 1.000000e-03]
